Decimal: 1176768 (24Bit) Binary: 000100011111010011000000 Tri-State: 0F0F11F01000 PulseLength: 290 microseconds Protocol: 1
Raw data: 9028,260,904,256,900,260,904,832,320,260,904,256,900,256,900,836,328,828,328,832,320,836,324,832,320,260,900,836,324,252,908,256,900,832,324,836,324,256,900,256,904,256,904,256,904,256,904,256,904,

Decimal: 1176624 (24Bit) Binary: 000100011111010000110000 Tri-State: 0F0F11F00100 PulseLength: 291 microseconds Protocol: 1
Raw data: 9036,256,900,260,900,256,900,836,320,256,904,256,904,256,900,836,324,832,320,836,320,832,328,828,324,256,904,832,328,252,904,256,904,256,900,256,908,832,324,828,328,248,908,252,908,252,908,252,904,

Decimal: 1176588 (24Bit) Binary: 000100011111010000001100 Tri-State: 0F0F11F00010 PulseLength: 291 microseconds Protocol: 1
Raw data: 9040,256,900,256,900,256,904,836,320,252,908,252,904,260,900,832,324,832,320,832,328,832,320,832,324,256,904,832,324,256,908,248,904,256,904,256,904,252,908,256,900,836,320,832,328,248,908,252,908,

Decimal: 1176579 (24Bit) Binary: 000100011111010000000011 Tri-State: 0F0F11F00001 PulseLength: 291 microseconds Protocol: 1
Raw data: 9036,256,908,248,908,252,904,832,324,252,904,256,904,252,904,832,324,828,328,828,324,828,328,824,332,248,908,824,332,248,912,248,908,248,908,252,908,252,904,252,904,256,904,252,904,832,324,832,324,

0001000111110100 11000000 oder 0F0F11F0 1000 blau LED
0001000111110100 00110000 oder 0F0F11F0 0100 weiß LED
0001000111110100 00001100 oder 0F0F11F0 0010 groß
0001000111110100 00000011 oder 0F0F11F0 0001 alle
0001000111110100 00001100